0 -0.114896 0 
1 -0.114953 0.01 
2 -0.11501 0.02 
3 -0.115067 0.03 
4 -0.115125 0.04 
5 -0.115182 0.05 
6 -0.115239 0.06 
7 -0.115296 0.07 
8 -0.115353 0.08 
9 -0.115411 0.09 
10 -0.115468 0.1 
11 -0.115525 0.11 
12 -0.115582 0.12 
13 -0.11564 0.13 
14 -0.115697 0.14 
15 -0.115754 0.15 
16 -0.115811 0.16 
17 -0.115869 0.17 
18 -0.115926 0.18 
19 -0.115983 0.19 
20 -0.11604 0.2 
21 -0.116097 0.21 
22 -0.116155 0.22 
23 -0.116212 0.23 
24 -0.116269 0.24 
25 -0.116326 0.25 
26 -0.116384 0.26 
27 -0.116441 0.27 
28 -0.116498 0.28 
29 -0.116555 0.29 
30 -0.116613 0.3 
31 -0.11667 0.31 
32 -0.116727 0.32 
33 -0.116784 0.33 
34 -0.116841 0.34 
35 -0.116899 0.35 
36 -0.116956 0.36 
37 -0.117013 0.37 
38 -0.11707 0.38 
39 -0.117128 0.39 
40 -0.117185 0.4 
41 -0.117242 0.41 
42 -0.117299 0.42 
43 -0.117357 0.43 
44 -0.117414 0.44 
45 -0.117471 0.45 
46 -0.117528 0.46 
47 -0.117585 0.47 
48 -0.117643 0.48 
49 -0.1177 0.49 
50 -0.117757 0.5 
51 -0.117814 0.51 
52 -0.117872 0.52 
53 -0.117929 0.53 
54 -0.117986 0.54 
55 -0.118043 0.55 
56 -0.118101 0.56 
57 -0.118158 0.57 
58 -0.118215 0.58 
59 -0.118272 0.59 
60 -0.11833 0.6 
61 -0.118387 0.61 
62 -0.118444 0.62 
63 -0.118501 0.63 
64 -0.118558 0.64 
65 -0.118616 0.65 
66 -0.118673 0.66 
67 -0.11873 0.67 
68 -0.118787 0.68 
69 -0.118845 0.69 
70 -0.118902 0.7 
71 -0.118959 0.71 
72 -0.119016 0.72 
73 -0.119074 0.73 
74 -0.119131 0.74 
75 -0.119188 0.75 
76 -0.119245 0.76 
77 -0.119302 0.77 
78 -0.11936 0.78 
79 -0.119417 0.79 
80 -0.119474 0.8 
81 -0.119531 0.81 
82 -0.119589 0.82 
83 -0.119646 0.83 
84 -0.119703 0.84 
85 -0.11976 0.85 
86 -0.119818 0.86 
87 -0.119875 0.87 
88 -0.119932 0.88 
89 -0.119989 0.89 
90 -0.120046 0.9 
91 -0.120104 0.91 
92 -0.120161 0.92 
93 -0.120218 0.93 
94 -0.120275 0.94 
95 -0.120333 0.95 
96 -0.12039 0.96 
97 -0.120447 0.97 
98 -0.120504 0.98 
99 -0.120562 0.99 
100 -0.120619 1 
101 -0.100869 0.99 
102 -0.0677643 0.98 
103 -0.0440103 0.97 
104 -0.0229704 0.96 
105 -0.00600681 0.95 
106 0.0163461 0.94 
107 0.0307154 0.93 
108 0.0450422 0.92 
109 0.0657415 0.91 
110 0.0824362 0.9 
111 0.0949641 0.89 
112 0.111573 0.88 
113 0.126483 0.87 
114 0.137128 0.86 
115 0.154966 0.85 
116 0.164052 0.84 
117 0.177277 0.83 
118 0.188521 0.82 
119 0.196267 0.81 
120 0.209903 0.8 
121 0.217839 0.79 
122 0.229401 0.78 
123 0.236673 0.77 
124 0.246358 0.76 
125 0.253032 0.75 
126 0.260761 0.74 
127 0.26849 0.73 
128 0.272557 0.72 
129 0.278885 0.71 
130 0.282434 0.7 
131 0.287638 0.69 
132 0.292841 0.68 
133 0.293801 0.67 
134 0.297714 0.66 
135 0.297217 0.65 
136 0.30019 0.64 
137 0.303163 0.63 
138 0.301099 0.62 
139 0.302333 0.61 
140 0.303568 0.6 
141 0.300494 0.59 
142 0.299873 0.58 
143 0.29799 0.57 
144 0.294076 0.56 
145 0.291763 0.55 
146 0.286523 0.54 
147 0.283131 0.53 
148 0.279738 0.52 
149 0.272385 0.51 
150 0.26824 0.5 
151 0.259728 0.49 
152 0.254335 0.48 
153 0.245218 0.47 
154 0.238744 0.46 
155 0.229289 0.45 
156 0.220669 0.44 
157 0.209704 0.43 
158 0.199899 0.42 
159 0.188 0.41 
160 0.177498 0.4 
161 0.167238 0.39 
162 0.153824 0.38 
163 0.146166 0.37 
164 0.130425 0.36 
165 0.123006 0.35 
166 0.1093 0.34 
167 0.0990274 0.33 
168 0.0884768 0.32 
169 0.0750157 0.31 
170 0.0681781 0.3 
171 0.0531833 0.29 
172 0.0487523 0.28 
173 0.0323476 0.27 
174 0.0298048 0.26 
175 0.0109716 0.25 
176 0.0093336 0.24 
177 -0.0105857 0.23 
178 -0.0101167 0.22 
179 -0.0280981 0.21 
180 -0.0276361 0.2 
181 -0.0418891 0.19 
182 -0.0437789 0.18 
183 -0.053725 0.17 
184 -0.0594242 0.16 
185 -0.0614521 0.15 
186 -0.0729859 0.14 
187 -0.0701241 0.13 
188 -0.0795733 0.12 
189 -0.0828276 0.11 
190 -0.0839313 0.1 
191 -0.0919398 0.09 
192 -0.0911156 0.08 
193 -0.0955399 0.07 
194 -0.0998617 0.06 
195 -0.100519 0.05 
196 -0.103799 0.04 
197 -0.106034 0.03 
198 -0.108326 0.02 
199 -0.111373 0.01 