description_7_cells
12
0 0 0
1 0 0
1.5 0.866025 0
1 1.73205 0
0 1.73205 0
-0.5 0.866025 0
-0.5 -0.866025 0
1.5 -0.8866025 0
2.5 0.8866025 0
1.5 2.598076 0
-0.5 2.598076 0
-1.5 0.8866025 0
18
0 0 1
1 1 2
2 2 3
3 3 4
4 4 5
5 5 0
6 0 6
7 6 7
8 7 1
9 7 8
10 8 2
11 8 9
12 9 3
13 9 10
14 10 4
15 10 11
16 11 5
17 11 6
1
0 0 1 2 3 4 5
0 0 1 2 3 4 5
0
6
1 0 6 7 8
1 0 6 7 1
2 1 8 9 10
2 1 7 8 2
3 2 10 11 12
3 2 8 9 3
4 3 12 13 14
4 3 9 10 4
5 4 14 15 16
5 4 10 11 5
6 5 16 17 6
6 0 5 11 6